15 0.481 0.7226666666666667 0.25 0.29333333333333333
0 0.612 0.816 0.224 0.368
0 0.341 0.8146666666666667 0.226 0.37066666666666664
13 0.456 0.652 0.028 0.11466666666666667
13 0.47900000000000004 0.6253333333333333 0.022 0.11466666666666667
0 0.717 0.48666666666666664 0.07 0.17866666666666667
0 0.343 0.5493333333333333 0.054 0.08
0 0.365 0.5426666666666666 0.094 0.14133333333333334
0 0.5630000000000001 0.5413333333333333 0.11800000000000001 0.13333333333333333
0 0.623 0.5786666666666667 0.082 0.128
0 0.6910000000000001 0.7186666666666667 0.11 0.32266666666666666
0 0.27 0.7306666666666667 0.14 0.36266666666666664
0 0.9440000000000001 0.8773333333333333 0.112 0.24533333333333332
14 0.76 0.824 0.056 0.352
