15 0.626 0.8303303303303303 0.652 0.33933933933933935
0 0.905 0.7342342342342342 0.19 0.5315315315315315
0 0.771 0.6351351351351351 0.166 0.3933933933933934
0 0.68 0.5870870870870871 0.116 0.2732732732732733
0 0.597 0.5705705705705706 0.098 0.24024024024024024
0 0.874 0.5045045045045045 0.252 0.4624624624624625
0 0.35100000000000003 0.6171171171171171 0.11 0.2132132132132132
0 0.216 0.5900900900900901 0.07200000000000001 0.16516516516516516
0 0.229 0.7702702702702703 0.198 0.45945945945945943
0 0.193 0.7717717717717718 0.382 0.45645645645645644
