9 0.5293333333333333 0.446 0.9199999999999999 0.668
0 0.7999999999999999 0.641 0.2613333333333333 0.486
0 0.6546666666666666 0.661 0.152 0.41400000000000003
0 0.4666666666666667 0.776 0.13866666666666666 0.244
0 0.3733333333333333 0.773 0.23466666666666666 0.31
0 0.172 0.779 0.18933333333333333 0.338
0 0.09999999999999999 0.6930000000000001 0.19466666666666665 0.406
0 0.212 0.538 0.408 0.196
0 0.27066666666666667 0.5730000000000001 0.15733333333333333 0.218
0 0.39999999999999997 0.458 0.128 0.064
0 0.48 0.421 0.13866666666666666 0.106
0 0.592 0.41400000000000003 0.18133333333333332 0.112
