13 0.17866666666666667 0.201 0.08533333333333333 0.198
13 0.268 0.201 0.088 0.198
13 0.35466666666666663 0.197 0.08533333333333333 0.214
13 0.444 0.198 0.08266666666666667 0.20800000000000002
13 0.5266666666666666 0.197 0.08266666666666667 0.20600000000000002
13 0.6133333333333333 0.196 0.08533333333333333 0.20800000000000002
13 0.7 0.197 0.088 0.21
13 0.7866666666666666 0.198 0.08533333333333333 0.20800000000000002
13 0.872 0.198 0.08533333333333333 0.20800000000000002
13 0.19466666666666665 0.499 0.064 0.13
13 0.35733333333333334 0.493 0.08533333333333333 0.138
13 0.4413333333333333 0.495 0.08266666666666667 0.134
13 0.5253333333333333 0.495 0.08533333333333333 0.134
13 0.6106666666666667 0.498 0.08533333333333333 0.128
13 0.6946666666666667 0.496 0.08266666666666667 0.132
13 0.7746666666666666 0.498 0.07733333333333334 0.128
13 0.608 0.676 0.08 0.124
13 0.6893333333333334 0.677 0.08266666666666667 0.122
13 0.7706666666666666 0.675 0.08 0.11800000000000001
