0 0.912 0.5 0.10400000000000001 0.44311377245508987
0 0.512 0.47754491017964074 0.096 0.3862275449101797
0 0.6 0.46706586826347307 0.084 0.3353293413173653
0 0.198 0.3877245508982036 0.064 0.23053892215568864
0 0.642 0.3592814371257485 0.068 0.19161676646706588
0 0.725 0.4236526946107785 0.062 0.3383233532934132
0 0.772 0.407185628742515 0.04 0.3293413173652695
0 0.9380000000000001 0.31736526946107785 0.056 0.19161676646706588
0 0.6890000000000001 0.40269461077844315 0.058 0.31437125748503
0 0.116 0.49850299401197606 0.088 0.470059880239521
0 0.28600000000000003 0.35778443113772457 0.044 0.22455089820359284
0 0.058 0.45958083832335334 0.07200000000000001 0.44011976047904194
0 0.493 0.27095808383233533 0.018000000000000002 0.056886227544910184
0 0.465 0.24550898203592816 0.022 0.05389221556886228
0 0.446 0.2889221556886228 0.04 0.11676646706586827
0 0.244 0.3607784431137725 0.052000000000000005 0.218562874251497
