1 0.244 0.18351063829787234 0.136 0.10106382978723404
1 0.366 0.2912234042553191 0.136 0.10372340425531915
1 0.37 0.20877659574468085 0.14 0.11436170212765957
1 0.379 0.9122340425531915 0.154 0.10638297872340426
1 0.633 0.8617021276595744 0.218 0.1276595744680851
1 0.8260000000000001 0.8085106382978723 0.164 0.10106382978723404
1 0.9430000000000001 0.526595744680851 0.114 0.12234042553191489
1 0.628 0.5199468085106382 0.192 0.11436170212765957
1 0.764 0.37632978723404253 0.148 0.10904255319148935
1 0.792 0.0625 0.152 0.09840425531914894
1 0.583 0.0678191489361702 0.126 0.10372340425531915
1 0.256 0.839095744680851 0.212 0.14095744680851063
1 0.457 0.8191489361702128 0.11800000000000001 0.12234042553191489
1 0.732 0.7832446808510638 0.17200000000000001 0.10372340425531915
1 0.729 0.5744680851063829 0.14200000000000002 0.0851063829787234
1 0.432 0.7313829787234042 0.232 0.15425531914893617
1 0.28500000000000003 0.6196808510638298 0.154 0.1276595744680851
1 0.23 0.4601063829787234 0.136 0.16489361702127658
1 0.369 0.41356382978723405 0.138 0.14627659574468085
1 0.8230000000000001 0.3045212765957447 0.166 0.125
1 0.639 0.2553191489361702 0.13 0.13829787234042554
1 0.417 0.14893617021276595 0.10200000000000001 0.09574468085106383
1 0.5 0.6050531914893617 0.192 0.1356382978723404
1 0.936 0.11968085106382978 0.08 0.13297872340425532
1 0.847 0.17553191489361702 0.146 0.13297872340425532
1 0.759 0.21409574468085105 0.10200000000000001 0.14627659574468085
1 0.524 0.3670212765957447 0.14400000000000002 0.14893617021276595
1 0.661 0.34175531914893614 0.10200000000000001 0.125
1 0.755 0.4787234042553191 0.134 0.11170212765957446
1 0.9 0.045212765957446804 0.096 0.07446808510638298
