0 0.389 0.6093333333333333 0.106 0.312
0 0.498 0.536 0.1 0.256
0 0.6970000000000001 0.6 0.154 0.44266666666666665
14 0.44 0.29466666666666663 0.056 0.088
14 0.585 0.29866666666666664 0.062 0.07466666666666666
14 0.636 0.3426666666666667 0.076 0.09866666666666667
17 0.388 0.38666666666666666 0.076 0.13333333333333333
16 0.592 0.4693333333333333 0.048 0.08533333333333333
16 0.9490000000000001 0.39199999999999996 0.10200000000000001 0.224
16 0.785 0.24933333333333332 0.066 0.16266666666666665
16 0.495 0.4026666666666667 0.106 0.10666666666666666
