13 0.09 0.23273273273273273 0.10400000000000001 0.4174174174174174
13 0.195 0.23423423423423423 0.098 0.4084084084084084
13 0.296 0.23423423423423423 0.096 0.4144144144144144
13 0.397 0.25075075075075076 0.082 0.3813813813813814
13 0.489 0.2552552552552553 0.09 0.3783783783783784
13 0.594 0.25675675675675674 0.1 0.3813813813813814
13 0.7000000000000001 0.25375375375375375 0.092 0.37537537537537535
13 0.8 0.25225225225225223 0.092 0.3783783783783784
13 0.906 0.25675675675675674 0.096 0.3813813813813814
13 0.085 0.7717717717717718 0.09 0.37237237237237236
13 0.183 0.7717717717717718 0.09 0.37237237237237236
13 0.28400000000000003 0.7747747747747747 0.084 0.36036036036036034
13 0.386 0.7747747747747747 0.08 0.37237237237237236
13 0.483 0.7717717717717718 0.08600000000000001 0.3663663663663664
13 0.587 0.7297297297297297 0.09 0.3663663663663664
13 0.6920000000000001 0.7717717717717718 0.084 0.3663663663663664
13 0.79 0.7642642642642643 0.088 0.36936936936936937
13 0.894 0.7687687687687688 0.084 0.3663663663663664
