13 0.179 0.3078078078078078 0.058 0.24924924924924924
13 0.343 0.46096096096096095 0.074 0.5375375375375375
13 0.504 0.4624624624624625 0.036000000000000004 0.5225225225225225
13 0.737 0.46396396396396394 0.07 0.5195195195195195
13 0.9400000000000001 0.487987987987988 0.07200000000000001 0.6336336336336337
13 0.778 0.49099099099099097 0.092 0.6396396396396397
13 0.853 0.536036036036036 0.138 0.8318318318318318
13 0.645 0.53003003003003 0.126 0.8198198198198198
13 0.452 0.5285285285285285 0.132 0.8228228228228228
13 0.115 0.48348348348348347 0.114 0.6666666666666666
13 0.232 0.521021021021021 0.136 0.8318318318318318
13 0.04 0.5105105105105106 0.076 0.8048048048048048
