13 0.489 0.5413333333333333 0.022 0.10666666666666666
13 0.685 0.772 0.05 0.20533333333333334
13 0.859 0.716 0.046 0.184
0 0.757 0.3466666666666667 0.07 0.18133333333333332
0 0.264 0.36266666666666664 0.14 0.21866666666666665
0 0.295 0.4746666666666666 0.134 0.21333333333333332
0 0.512 0.49066666666666664 0.17200000000000001 0.24533333333333332
0 0.724 0.528 0.176 0.26666666666666666
0 0.9560000000000001 0.5906666666666667 0.088 0.3173333333333333
0 0.253 0.7093333333333333 0.442 0.576
15 0.594 0.7866666666666666 0.812 0.42666666666666664
