0 0.524 0.14221556886227546 0.096 0.2724550898203593
0 0.303 0.24550898203592816 0.178 0.4850299401197605
0 0.489 0.5059880239520959 0.302 0.46706586826347307
0 0.145 0.655688622754491 0.182 0.5988023952095809
0 0.10300000000000001 0.8922155688622755 0.166 0.16766467065868265
0 0.446 0.8667664670658684 0.124 0.1347305389221557
0 0.145 0.565868263473054 0.17400000000000002 0.6467065868263473
0 0.8260000000000001 0.3413173652694611 0.23600000000000002 0.6706586826347306
0 0.764 0.2634730538922156 0.108 0.5209580838323353
0 0.089 0.2440119760479042 0.17400000000000002 0.4820359281437126
