16 0.21866666666666665 0.714 0.096 0.156
16 0.3426666666666667 0.7030000000000001 0.104 0.126
16 0.36266666666666664 0.737 0.08533333333333333 0.126
16 0.472 0.681 0.096 0.07
16 0.472 0.756 0.09066666666666666 0.112
16 0.5746666666666667 0.648 0.09333333333333332 0.304
16 0.21066666666666667 0.312 0.128 0.17200000000000001
16 0.3333333333333333 0.296 0.10133333333333333 0.176
16 0.4413333333333333 0.314 0.12 0.164
16 0.5266666666666666 0.341 0.050666666666666665 0.094
16 0.5906666666666667 0.325 0.10933333333333332 0.15
