11 0.461 0.5406626506024097 0.49 0.6837349397590362
0 0.8130000000000001 0.3990963855421687 0.078 0.5030120481927711
0 0.07100000000000001 0.3780120481927711 0.134 0.7439759036144579
0 0.687 0.39608433734939763 0.13 0.5271084337349398
0 0.194 0.3539156626506024 0.088 0.35843373493975905
0 0.919 0.4774096385542169 0.162 0.9427710843373495
0 0.34900000000000003 0.30271084337349397 0.07 0.16566265060240964
0 0.291 0.38403614457831325 0.026000000000000002 0.1536144578313253
0 0.768 0.31626506024096385 0.04 0.12650602409638556
0 0.581 0.21536144578313254 0.08600000000000001 0.2620481927710844
