13 0.511 0.728 0.038 0.11733333333333333
0 0.13 0.7786666666666666 0.24 0.44266666666666665
0 0.758 0.7506666666666666 0.224 0.4453333333333333
0 0.62 0.6333333333333333 0.17200000000000001 0.27999999999999997
0 0.539 0.39066666666666666 0.078 0.10933333333333332
0 0.059000000000000004 0.624 0.106 0.37866666666666665
0 0.23900000000000002 0.6 0.15 0.3733333333333333
0 0.334 0.5479999999999999 0.16 0.376
0 0.431 0.4013333333333333 0.046 0.10933333333333332
0 0.47700000000000004 0.488 0.08600000000000001 0.27199999999999996
15 0.497 0.8546666666666667 0.686 0.2906666666666667
14 0.883 0.8146666666666667 0.19 0.27999999999999997
14 0.47600000000000003 0.5439999999999999 0.112 0.18133333333333332
