4 0.79 0.6973333333333334 0.08 0.11466666666666667
4 0.307 0.7013333333333334 0.138 0.14933333333333332
4 0.292 0.6839999999999999 0.128 0.16266666666666665
4 0.217 0.6573333333333333 0.066 0.14133333333333334
0 0.921 0.648 0.106 0.256
0 0.743 0.5306666666666666 0.034 0.10133333333333333
0 0.679 0.6266666666666666 0.08600000000000001 0.30933333333333335
0 0.543 0.5266666666666666 0.022 0.104
0 0.487 0.6826666666666666 0.134 0.4746666666666666
0 0.388 0.572 0.092 0.2533333333333333
0 0.10200000000000001 0.712 0.168 0.576
