10 0.353 0.42133333333333334 0.446 0.33066666666666666
10 0.802 0.35466666666666663 0.396 0.27199999999999996
0 0.889 0.19066666666666665 0.046 0.06133333333333333
0 0.987 0.18266666666666667 0.026000000000000002 0.08266666666666667
0 0.932 0.19466666666666665 0.032 0.05333333333333333
0 0.5750000000000001 0.30266666666666664 0.058 0.22666666666666666
0 0.516 0.24933333333333332 0.032 0.072
0 0.463 0.23066666666666666 0.026000000000000002 0.050666666666666665
0 0.434 0.2373333333333333 0.04 0.048
0 0.20500000000000002 0.27599999999999997 0.066 0.10933333333333332
0 0.10200000000000001 0.3453333333333333 0.056 0.21066666666666667
0 0.04 0.356 0.056 0.19999999999999998
0 0.429 0.30933333333333335 0.046 0.064
0 0.304 0.31866666666666665 0.084 0.088
