11 0.47300000000000003 0.5876132930513596 0.446 0.6253776435045317
0 0.491 0.48942598187311176 0.398 0.7311178247734139
11 0.055 0.2054380664652568 0.106 0.2175226586102719
11 0.126 0.1933534743202417 0.12 0.229607250755287
11 0.216 0.20694864048338368 0.10400000000000001 0.20241691842900303
11 0.292 0.20241691842900303 0.07200000000000001 0.23564954682779457
11 0.431 0.21450151057401812 0.198 0.17522658610271905
11 0.709 0.21601208459214502 0.046 0.17220543806646527
11 0.757 0.21148036253776434 0.074 0.1691842900302115
11 0.852 0.20241691842900303 0.14400000000000002 0.1933534743202417
