15 0.63125 0.4652777777777778 0.1875 0.33611111111111114
14 0.5197916666666667 0.43194444444444446 0.19375 0.3527777777777778
16 0.65 0.2138888888888889 0.20416666666666666 0.18888888888888888
16 0.04791666666666666 0.1875 0.05416666666666667 0.10833333333333334
16 0.084375 0.18472222222222223 0.05625 0.11388888888888889
16 0.20104166666666667 0.27083333333333337 0.09791666666666667 0.4083333333333333
16 0.225 0.4986111111111111 0.15 0.24722222222222223
16 0.3 0.5430555555555556 0.25416666666666665 0.2972222222222222
16 0.059375 0.5041666666666667 0.11041666666666666 0.5416666666666667
16 0.20625 0.8069444444444445 0.20833333333333334 0.35833333333333334
16 0.8385416666666666 0.8319444444444445 0.3229166666666667 0.33611111111111114
16 0.7864583333333334 0.45 0.11041666666666666 0.20555555555555557
16 0.596875 0.48194444444444445 0.07291666666666667 0.14166666666666666
16 0.50625 0.4708333333333333 0.09583333333333333 0.1527777777777778
16 0.8375 0.5625 0.06666666666666667 0.10833333333333334
