15 0.5730000000000001 0.7839999999999999 0.854 0.432
14 0.503 0.9133333333333333 0.21 0.17333333333333334
14 0.23500000000000001 0.7946666666666666 0.28600000000000003 0.3413333333333333
14 0.083 0.7959999999999999 0.158 0.3813333333333333
0 0.786 0.6 0.14400000000000002 0.33599999999999997
0 0.662 0.5466666666666666 0.132 0.29333333333333333
0 0.5710000000000001 0.5413333333333333 0.11800000000000001 0.24
0 0.47300000000000003 0.5133333333333333 0.10200000000000001 0.23199999999999998
0 0.28800000000000003 0.5013333333333333 0.176 0.18666666666666665
0 0.112 0.628 0.12 0.328
16 0.613 0.3453333333333333 0.066 0.16799999999999998
