15 0.375 0.7293333333333333 0.658 0.5413333333333333
14 0.713 0.8146666666666667 0.34600000000000003 0.37066666666666664
14 0.898 0.7839999999999999 0.164 0.42133333333333334
16 0.515 0.384 0.166 0.256
0 0.797 0.5479999999999999 0.378 0.5413333333333333
0 0.752 0.4573333333333333 0.2 0.37066666666666664
0 0.599 0.36933333333333335 0.134 0.20533333333333334
0 0.328 0.39599999999999996 0.156 0.25866666666666666
0 0.164 0.36133333333333334 0.112 0.3333333333333333
0 0.093 0.52 0.182 0.5653333333333334
