6 0.353 0.448 0.13 0.13866666666666666
6 0.258 0.43466666666666665 0.1 0.12266666666666666
6 0.315 0.3813333333333333 0.106 0.05333333333333333
6 0.452 0.324 0.036000000000000004 0.06133333333333333
6 0.201 0.484 0.07 0.088
6 0.488 0.324 0.032 0.056
6 0.514 0.3293333333333333 0.028 0.06666666666666667
6 0.627 0.43066666666666664 0.074 0.13599999999999998
6 0.707 0.42 0.05 0.12
6 0.757 0.4453333333333333 0.062 0.13866666666666666
6 0.785 0.3973333333333333 0.026000000000000002 0.096
6 0.833 0.43866666666666665 0.07 0.14133333333333334
