10 0.538 0.8586666666666667 0.92 0.27199999999999996
0 0.642 0.5426666666666666 0.5 0.36
0 0.046 0.864 0.088 0.26666666666666666
0 0.167 0.6253333333333333 0.038 0.2533333333333333
0 0.228 0.6173333333333333 0.064 0.25866666666666666
0 0.309 0.612 0.058 0.24266666666666667
0 0.378 0.6053333333333333 0.088 0.208
0 0.356 0.5066666666666666 0.044 0.09066666666666666
0 0.046 0.6386666666666666 0.088 0.376
0 0.777 0.5733333333333334 0.046 0.06933333333333333
0 0.98 0.6533333333333333 0.04 0.18133333333333332
0 0.935 0.6386666666666666 0.058 0.12
0 0.928 0.6826666666666666 0.044 0.08
0 0.257 0.7879999999999999 0.08600000000000001 0.12533333333333332
0 0.429 0.5826666666666667 0.05 0.12
